A1=9;
A2=9;
A3=9;
qi1=5;
qi2=2;
rh1=1;
rh2=1;
rh3=2;

A = [(-1/(A1*rh1)),0,0;(1/(A2*rh1)),(-1/(A2*rh2)),0;0,(1/(A3*rh2)),(-1/(A3*rh3))];
B = [1/A1,0;0,1/A2;0,0];
C = [1,0,0;0,1,0;0,0,1];
D = [0,0;0,0;0,0];

u=[qi1,qi2];


