A1=5;
A2=5;
A3=5;
qi1=5;
qi2=2;
rh1=1;
rh2=1;
rh3=1;

A = [(-1/(A1*rh1)),0,0;(1/(A2*rh1)),(-1/(A2*rh2)),0;0,(1/(A3*rh2)),(-1/(A3*rh3))];
B=[1/A1,0,0;0,1/A2,0;0,0,0];
C=[1,0,0;0,1,0;0,0,1];
D=[0,0,0;0,0,0;0,0,0];

u=[qi1;qi2];

%B = [1/A1,0;0,1/A2;0,0];
%C = [1,0,0;0,1,0;0,0,1];
%D = [0,0;0,0;0,0];
